66039967|44.9124949,39.1507820,44.9127079,39.1510428||yes
66039971|44.9129097,39.1505400,44.9130832,39.1508373||roof
66040009|44.9051116,39.1446696,44.9053861,39.1453050||yes
66422700|44.9033288,39.1793227,44.9040513,39.1796352||yes
129906277|44.9589488,39.1173471,44.9593599,39.1184465||yes
129906279|44.9596439,39.1156355,44.9598869,39.1163228||yes
129906280|44.9594535,39.1186937,44.9598651,39.1191982||yes
129906282|44.9593030,39.1170380,44.9594388,39.1172734||yes
129906283|44.9593651,39.1172764,44.9594972,39.1175085||yes
129906284|44.9582416,39.1174730,44.9588670,39.1179839||yes
129906286|44.9586761,39.1182880,44.9590470,39.1186125||yes
129906290|44.9584015,39.1184777,44.9586186,39.1188829||yes
129906291|44.9596026,39.1182007,44.9597404,39.1184277||yes
129906292|44.9594898,39.1177494,44.9596258,39.1179802||yes
129906293|44.9595466,39.1179814,44.9596793,39.1182010||yes
129906295|44.9579066,39.1179771,44.9581327,39.1185544||yes
129906296|44.9594267,39.1175027,44.9595644,39.1177411||yes
129906300|44.9588098,39.1156307,44.9597393,39.1169284||yes
129906310|44.9587730,39.1218678,44.9591482,39.1222028||yes
129907891|44.9421404,39.1275081,44.9422822,39.1277093||yes
129907893|44.9257597,39.1392995,44.9261570,39.1400358||yes
129907894|44.9251919,39.1391207,44.9254909,39.1397263||yes
129907895|44.9436572,39.1263147,44.9438298,39.1267080|1|roof
129907896|44.9254245,39.1398427,44.9257255,39.1403487||yes
129907897|44.9260581,39.1389948,44.9262508,39.1392756||yes
129907898|44.9260491,39.1403064,44.9262879,39.1406095||yes
129907899|44.9255425,39.1404389,44.9258211,39.1407763||yes
129907900|44.9226713,39.1453643,44.9229342,39.1456692||yes
129907902|44.9423572,39.1276869,44.9424686,39.1278463||yes
130038081|44.9270003,39.1395604,44.9272132,39.1398848||yes
130049483|44.9708899,39.1135459,44.9710149,39.1136878||yes
130049484|44.9710524,39.1137131,44.9711285,39.1138976||yes
130049486|44.9681688,39.1148257,44.9683127,39.1150876||yes
130049490|44.9593562,39.1191562,44.9594407,39.1192831||yes
130049497|44.9726643,39.1127046,44.9728975,39.1129086||yes
130075195|44.9430520,39.1254001,44.9433200,39.1256402||yes
130075196|44.9428241,39.1256255,44.9429217,39.1257440||yes
130075197|44.9428974,39.1254846,44.9430581,39.1257100||yes
130075615|44.9119668,39.1548019,44.9120584,39.1549179||yes
171257410|44.9011094,39.1780038,44.9012014,39.1781372||yes
171257411|44.9021675,39.1774936,44.9022408,39.1776040||yes
171257413|44.9014773,39.1752705,44.9016815,39.1756264||yes
171257415|44.9011721,39.1771408,44.9012413,39.1772050||yes
171257416|44.9021894,39.1768354,44.9023499,39.1770230||house
171257417|44.9021955,39.1752463,44.9022882,39.1754784||yes
171257418|44.9009959,39.1776459,44.9011762,39.1777513||yes
171257420|44.9020865,39.1772910,44.9021356,39.1774526||yes
171257422|44.9018233,39.1747563,44.9019844,39.1750516||yes
171257423|44.9027836,39.1761606,44.9028890,39.1762580||yes
171257424|44.9014489,39.1760760,44.9015665,39.1763093||yes
171257426|44.9010999,39.1768410,44.9011644,39.1770180||yes
171257427|44.9014976,39.1758239,44.9016166,39.1759880||house
171257428|44.9016727,39.1747067,44.9018368,39.1751203||yes
171257429|44.9028358,39.1731512,44.9028881,39.1732552||yes
171257430|44.9014289,39.1774831,44.9014907,39.1775957||yes
171257432|44.9012264,39.1779887,44.9012867,39.1781126||yes
171257433|44.9022972,39.1752684,44.9023572,39.1753517||yes
171257434|44.9026957,39.1772084,44.9028933,39.1774552||house
171257435|44.9026550,39.1737355,44.9028067,39.1739946||house
171257436|44.9025764,39.1745402,44.9026661,39.1747017||house
171257437|44.9022265,39.1766748,44.9023612,39.1768023||yes
171257438|44.9012441,39.1783001,44.9012974,39.1783795||yes
171257440|44.9030639,39.1747186,44.9032191,39.1750182||house
171257441|44.9013867,39.1784262,44.9014950,39.1785334||yes
171257442|44.9026026,39.1744136,44.9026729,39.1745262||yes
171257443|44.9027613,39.1731192,44.9028276,39.1732598||yes
171257444|44.9013696,39.1776343,44.9014398,39.1777047||house
171257445|44.9011720,39.1781338,44.9012974,39.1782464||yes
171257446|44.9026735,39.1733852,44.9028127,39.1736706||house
171257447|44.9015007,39.1781982,44.9016109,39.1783403||house
171257448|44.9014428,39.1759982,44.9015053,39.1760645||yes
171257449|44.9031862,39.1741921,44.9033053,39.1744701||house
171257450|44.9023393,39.1753257,44.9024415,39.1754755||house
171257451|44.9029700,39.1755791,44.9030875,39.1758627||house
171257452|44.9014509,39.1763730,44.9015847,39.1764681||house
171257453|44.9013791,39.1782706,44.9014437,39.1783618||yes
171257454|44.9021588,39.1773008,44.9022505,39.1774513||house
171257455|44.9012157,39.1768088,44.9013183,39.1769563||yes
171257456|44.9026272,39.1739697,44.9027080,39.1740724||yes
171257457|44.9032553,39.1736505,44.9033720,39.1738927||house
171257458|44.9020422,39.1783714,44.9022816,39.1786193||house
171257460|44.9029026,39.1772889,44.9029731,39.1773576||yes
171257461|44.9028913,39.1761324,44.9030178,39.1764037||house
171259322|44.9019110,39.1731832,44.9019818,39.1732590||yes
171259323|44.9014470,39.1733692,44.9015448,39.1735356||house
171259324|44.9013204,39.1746639,44.9014207,39.1748136||house
171259325|44.9019149,39.1721767,44.9020346,39.1723752||house
171259326|44.9012841,39.1754972,44.9013544,39.1755589||yes
171259327|44.9015081,39.1735481,44.9015988,39.1736470||house
171259328|44.9011454,39.1761758,44.9012176,39.1762536||yes
171259329|44.9017465,39.1733802,44.9018401,39.1734594||yes
171259330|44.9016280,39.1724262,44.9017078,39.1725012||yes
171259331|44.9015121,39.1722357,44.9015900,39.1723311||yes
171259333|44.9015463,39.1721204,44.9016223,39.1722238||yes
171259334|44.9013791,39.1729384,44.9014815,39.1730886||house
171259335|44.9011701,39.1763662,44.9012252,39.1764816||yes
171259336|44.9014057,39.1727372,44.9014589,39.1728954||yes
171259337|44.9018598,39.1723564,44.9019434,39.1724411||yes
171259338|44.9013153,39.1744743,44.9014316,39.1746031||house
171259340|44.9015734,39.1745578,44.9016759,39.1746770||house
171259341|44.9011853,39.1760846,44.9013031,39.1761677||yes
171259342|44.9012092,39.1757841,44.9013444,39.1760738||yes
171259343|44.8999922,39.1763099,44.9000207,39.1763796||yes
171259344|44.9018438,39.1732626,44.9019137,39.1733918||house
171259345|44.9011435,39.1762536,44.9012157,39.1763313||yes
171259346|44.9017857,39.1730859,44.9018826,39.1732377||yes
171259347|44.9015952,39.1743879,44.9016854,39.1744897||yes
171259348|44.9019451,39.1719970,44.9020840,39.1721741||yes
171259350|44.9014825,39.1736455,44.9015526,39.1737485||yes
171259351|44.9012343,39.1751709,44.9013573,39.1754728||yes
171259352|44.9012213,39.1764869,44.9013126,39.1766291||yes
171259353|44.9017267,39.1738755,44.9018190,39.1740195||house
171259355|44.9012480,39.1755884,44.9013354,39.1757010||yes
171261449|44.9036526,39.1763489,44.9037477,39.1765015||house
171261451|44.9091740,39.1753830,44.9092964,39.1755533||yes
171261452|44.9043182,39.1754696,44.9044530,39.1756642||house
171261454|44.9078253,39.1743903,44.9080998,39.1746117||yes
171261455|44.9048919,39.1780453,44.9050040,39.1781901||yes
171261457|44.9040617,39.1768624,44.9041548,39.1770276||house
171261460|44.9044925,39.1744591,44.9046537,39.1746035||yes
171261461|44.9037604,39.1748532,44.9038671,39.1749489||yes
171261463|44.9076073,39.1752004,44.9081001,39.1760719||yes
171261469|44.9041864,39.1761191,44.9042790,39.1762432||yes
171261471|44.9032334,39.1772111,44.9033816,39.1773318||yes
171261473|44.9044688,39.1747945,44.9045786,39.1749494||house
171261476|44.9032999,39.1770395,44.9034101,39.1771966||house
171261477|44.9033756,39.1763502,44.9034284,39.1764734||yes
171261478|44.9054656,39.1760470,44.9055245,39.1761490||yes
171261480|44.9038521,39.1749431,44.9039606,39.1752305||house
171261482|44.9029769,39.1691299,44.9035772,39.1694129||yes
171261487|44.9077607,39.1745338,44.9078656,39.1747825||yes
171261489|44.9039225,39.1743892,44.9040278,39.1746621||house
171261490|44.9088232,39.1765910,44.9089511,39.1768018||yes
171261492|44.9077661,39.1711643,44.9078991,39.1713560||yes
171261494|44.9072403,39.1749756,44.9075352,39.1756187||yes
171261496|44.9085922,39.1731859,44.9087294,39.1733837||yes
171261498|44.9081117,39.1749312,44.9082743,39.1750772||yes
171261500|44.9036577,39.1744135,44.9037000,39.1745210||yes
171261502|44.9074664,39.1755391,44.9076040,39.1757819||yes
171261505|44.9036958,39.1757724,44.9038983,39.1760766||house
171261507|44.9077642,39.1713187,44.9078573,39.1714338||yes
171261509|44.9036675,39.1764890,44.9037669,39.1766339||yes
171261510|44.9033472,39.1694157,44.9036114,39.1709429||yes
171261511|44.9043793,39.1751559,44.9045401,39.1753839||house
171261512|44.9047190,39.1743894,44.9047779,39.1744769||yes
171261513|44.9036118,39.1747845,44.9036960,39.1748801||yes
171261518|44.9064196,39.1755731,44.9065130,39.1757497||yes
171261520|44.9081732,39.1732111,44.9085022,39.1735935||yes
171261522|44.9039993,39.1738415,44.9041271,39.1741342||house
171261524|44.9045403,39.1743264,44.9046175,39.1744391||yes
171261526|44.9042107,39.1759393,44.9043421,39.1761280||house
171261527|44.9053934,39.1760819,44.9054599,39.1761624||yes
171261528|44.9080446,39.1746346,44.9081721,39.1749247||yes
171261534|44.9053896,39.1758153,44.9054656,39.1759344||house
171261535|44.9035842,39.1764659,44.9036848,39.1766264||yes
171261537|44.9042842,39.1757021,44.9043692,39.1758121||yes
171261539|44.9044363,39.1749366,44.9045228,39.1750903||yes
171261540|44.9034442,39.1757907,44.9035031,39.1759125||yes
171261541|44.9035884,39.1749524,44.9036429,39.1750630||yes
171261546|44.9042720,39.1761397,44.9043577,39.1762776||yes
171261548|44.9045824,39.1741159,44.9047236,39.1743104||house
171261550|44.9032448,39.1773989,44.9033246,39.1774820||yes
171261551|44.9037391,39.1738663,44.9037847,39.1740040||yes
171261552|44.9045257,39.1746187,44.9046406,39.1747999||house
171261805|44.9048245,39.1580464,44.9049815,39.1583491||roof
171261806|44.9054665,39.1556936,44.9055502,39.1557946||yes
171261808|44.9007116,39.1620262,44.9012999,39.1627493||yes
171261809|44.9054921,39.1557539,44.9056286,39.1560174||roof
171261810|44.9049829,39.1579385,44.9051423,39.1581991||yes
172076677|44.8993491,39.1634452,44.9001683,39.1644392||yes
172076678|44.9258454,39.1406053,44.9259651,39.1407571||yes
172076679|44.9090718,39.1528932,44.9093061,39.1531411||yes
172076680|44.9094353,39.1513630,44.9105142,39.1527416||yes
172076681|44.9257658,39.1406793,44.9259171,39.1409371||yes
172077107|44.9522255,39.1222431,44.9524810,39.1224790||office
172077108|44.9526961,39.1220159,44.9528341,39.1223135||yes
172077109|44.9521453,39.1223774,44.9522834,39.1226563||yes
172077114|44.9539062,39.1214777,44.9541533,39.1217865||office
173297130|44.9014714,39.1756924,44.9015818,39.1757808||yes
173297131|44.9014652,39.1757560,44.9015287,39.1758254||yes
177215549|44.9031779,39.1707932,44.9033336,39.1709247||yes
177216297|44.9016133,39.1740228,44.9017115,39.1742316||yes
177216301|44.9016399,39.1721707,44.9017316,39.1723196||house
177216303|44.9016050,39.1742285,44.9016610,39.1742941||yes
177216607|44.9047715,39.1742114,44.9048925,39.1743837||yes
177216610|44.9056435,39.1742948,44.9057863,39.1745026||yes
196109521|44.9149540,39.1453842,44.9150898,39.1456483||yes
196109522|44.9149400,39.1462879,44.9150076,39.1463775||yes
196109523|44.9152144,39.1457654,44.9153552,39.1460952||yes
196109524|44.9150756,39.1457979,44.9151465,39.1458853||yes
196109525|44.9152174,39.1463197,44.9155252,39.1465997||yes
196109526|44.9150978,39.1458206,44.9153033,39.1461768||yes
196109527|44.9146247,39.1460464,44.9148654,39.1463109||yes
196109529|44.9154970,39.1459500,44.9156193,39.1460699||yes
196109530|44.9154948,39.1460251,44.9157085,39.1462463||yes
196110545|44.9518093,39.1189683,44.9519304,39.1190674||yes
196110546|44.9508406,39.1195185,44.9508887,39.1196128||yes
196110547|44.9508843,39.1192076,44.9509343,39.1193296||yes
196110548|44.9510779,39.1193845,44.9511486,39.1195394||yes
196110549|44.9501928,39.1205341,44.9504031,39.1207958||yes
196110550|44.9518371,39.1191031,44.9519520,39.1192865||yes
196110551|44.9518035,39.1199480,44.9519316,39.1201130||yes
196110552|44.9508920,39.1196360,44.9509901,39.1197706||yes
196110554|44.9506989,39.1191166,44.9507516,39.1192136||yes
196110555|44.9500045,39.1203432,44.9501456,39.1205299||yes
196110556|44.9508615,39.1190498,44.9509561,39.1191896||yes
196110557|44.9509811,39.1190937,44.9510988,39.1192708||yes
196110558|44.9504361,39.1194329,44.9504813,39.1195191||yes
196110559|44.9503389,39.1193372,44.9504106,39.1194719||yes
196110560|44.9507631,39.1191834,44.9508189,39.1192815||yes
196110561|44.9517910,39.1190135,44.9518719,39.1191155||yes
196110562|44.9506372,39.1196369,44.9506789,39.1197119||yes
196110563|44.9506080,39.1192657,44.9506717,39.1193737||yes
196110564|44.9509353,39.1194773,44.9510240,39.1196175||yes
196110565|44.9505132,39.1192617,44.9505915,39.1194323||yes
196110566|44.9507380,39.1193137,44.9507785,39.1194012||yes
196110568|44.9505122,39.1196775,44.9505831,39.1197943||yes
206835742|44.9064275,39.1548908,44.9066304,39.1551270||yes
206836713|44.9030422,39.1448759,44.9032573,39.1451541||yes
206836715|44.9045095,39.1446660,44.9047532,39.1451850||yes
206836716|44.9028933,39.1433968,44.9031213,39.1437709||yes
206836719|44.9030985,39.1443235,44.9035392,39.1449136||yes
206836720|44.9031631,39.1428697,44.9034025,39.1432573||yes
206836913|44.9042019,39.1398901,44.9043698,39.1401248||yes
206836914|44.9040308,39.1408216,44.9042387,39.1411049||yes
206836915|44.9034224,39.1421120,44.9035574,39.1423386||yes
206836916|44.9039010,39.1418953,44.9040396,39.1420697||yes
206836917|44.9035363,39.1420780,44.9036116,39.1422118||yes
206837314|44.9006848,39.1441083,44.9008046,39.1442771||yes
206837315|44.9050330,39.1403398,44.9051527,39.1405018||yes
206837316|44.9008751,39.1436020,44.9013109,39.1439778||yes
206837317|44.9004420,39.1434094,44.9005740,39.1435897||yes
206837318|44.9005873,39.1434449,44.9007546,39.1437959||yes
206837319|44.9052095,39.1399637,44.9055149,39.1403419||yes
206837320|44.9006523,39.1433649,44.9008422,39.1437497||yes
206837345|44.9006804,39.1430024,44.9008221,39.1432132||yes
206838676|44.9090631,39.1301688,44.9090867,39.1302453||yes
206838677|44.9072612,39.1396224,44.9073516,39.1397736||yes
206838678|44.9082924,39.1289296,44.9084646,39.1292048||yes
206838679|44.9106113,39.1292866,44.9106973,39.1294119||yes
206838680|44.9091296,39.1295677,44.9091991,39.1297017||yes
206838681|44.9101842,39.1290024,44.9103033,39.1292499||yes
206838682|44.9106963,39.1289353,44.9107710,39.1290335||yes
206838683|44.9100864,39.1293483,44.9102200,39.1296184||yes
206838684|44.9093884,39.1290335,44.9096844,39.1297045||yes
206838685|44.9093543,39.1290133,44.9095181,39.1293566||yes
206838686|44.9071492,39.1409098,44.9072525,39.1410602||yes
206838687|44.9070841,39.1382276,44.9072549,39.1384790||yes
206838688|44.9102844,39.1286041,44.9104259,39.1289000||yes
206838689|44.9075551,39.1368920,44.9076466,39.1370143||yes
206838690|44.9098699,39.1302728,44.9100183,39.1304528||yes
206838691|44.9068970,39.1384842,44.9069594,39.1385725||yes
206838692|44.9090399,39.1303703,44.9091094,39.1304931||yes
206838693|44.9103346,39.1285053,44.9104476,39.1286020||yes
206838694|44.9081479,39.1291828,44.9082633,39.1293535||yes
206838695|44.9097033,39.1285802,44.9099228,39.1288495||yes
206838696|44.9104187,39.1299632,44.9104799,39.1300752||yes
206838697|44.9094645,39.1286464,44.9096082,39.1289141||yes
206838698|44.9070006,39.1385513,44.9070980,39.1386922||yes
206838699|44.9104327,39.1279787,44.9104982,39.1280674||yes
206838700|44.9105123,39.1304979,44.9105705,39.1306190||yes
206838701|44.9078231,39.1368704,44.9079664,39.1370583||yes
206838702|44.9103914,39.1281726,44.9105698,39.1285137||yes
206838703|44.9121596,39.1292315,44.9122989,39.1294613||yes
206838704|44.9099952,39.1296767,44.9101249,39.1299537||yes
206838705|44.9104531,39.1304453,44.9105413,39.1305299||yes
206838706|44.9095663,39.1298172,44.9096367,39.1299187||yes
206838707|44.9091140,39.1303639,44.9091380,39.1304450||yes
206838960|44.9112221,39.1284680,44.9113202,39.1286278||yes
206838961|44.9111086,39.1284609,44.9111910,39.1286137||yes
206839171|44.9131168,39.1398520,44.9132697,39.1400075||yes
206839172|44.9132158,39.1403531,44.9134438,39.1408624||yes
206839173|44.9130106,39.1401691,44.9130691,39.1402498||yes
206839174|44.9130559,39.1397172,44.9131482,39.1398074||yes
206839175|44.9129731,39.1399194,44.9131294,39.1401108||yes
206839518|44.9125233,39.1484476,44.9126742,39.1486700||yes
206840198|44.9093727,39.1527739,44.9094994,39.1529927||yes
206840199|44.9084753,39.1525564,44.9086619,39.1527971||yes
206840200|44.9091309,39.1531091,44.9093142,39.1534778||yes
206840201|44.9095316,39.1513226,44.9097069,39.1515508||yes
206840202|44.9128801,39.1454415,44.9129800,39.1455781||yes
206840203|44.9094645,39.1511647,44.9096052,39.1513573||yes
206840204|44.9092842,39.1528408,44.9094125,39.1530445||yes
206840205|44.9091965,39.1512288,44.9094320,39.1515234||yes
206840463|44.9120356,39.1497373,44.9121588,39.1498526||yes
206840464|44.9120813,39.1513649,44.9121845,39.1515142||yes
206840465|44.9101814,39.1499518,44.9102745,39.1500832||yes
206840466|44.9115502,39.1500363,44.9116469,39.1501652||yes
206840467|44.9121480,39.1515065,44.9122063,39.1515904||yes
206840468|44.9123172,39.1512822,44.9123444,39.1513743||yes
206840772|44.9079811,39.1495593,44.9080352,39.1496303||yes
206840773|44.9080701,39.1498801,44.9081079,39.1499623||yes
206840775|44.9083507,39.1496169,44.9084389,39.1497280||yes
206840776|44.9092917,39.1502920,44.9093840,39.1504406||yes
206840777|44.9084727,39.1494622,44.9085524,39.1495747||yes
206840778|44.9081416,39.1494043,44.9082464,39.1495215||yes
206840779|44.9092532,39.1502149,44.9094103,39.1504067||yes
206840780|44.9090501,39.1497836,44.9091069,39.1498804||yes
206840781|44.9088339,39.1498608,44.9089051,39.1499399||yes
206840782|44.9088567,39.1493643,44.9089361,39.1494614||yes
206840783|44.9087414,39.1500104,44.9088837,39.1502034||yes
206840830|44.9159436,39.1444834,44.9161895,39.1448911||yes
206841807|44.9557022,39.1203995,44.9559239,39.1206698||yes
206841812|44.9514120,39.1219767,44.9515755,39.1223391||yes
206841816|44.9549875,39.1213263,44.9550843,39.1214655||yes
206841820|44.9213816,39.1439110,44.9216379,39.1443653||yes
206841834|44.9560122,39.1203088,44.9562190,39.1207188||yes
206841835|44.9553728,39.1207400,44.9556585,39.1211223||yes
206842904|44.9602331,39.1187768,44.9603245,39.1188630||yes
206842912|44.9652865,39.1164134,44.9654572,39.1166388||yes
206842920|44.9623600,39.1176923,44.9624729,39.1179669||yes
206842924|44.9655673,39.1162979,44.9656543,39.1164000||yes
206842925|44.9572521,39.1199711,44.9573517,39.1200875||yes
206842928|44.9599066,39.1190350,44.9600313,39.1192340||yes
206842932|44.9594695,39.1190641,44.9599007,39.1193905||yes
206844179|44.9706255,39.1136794,44.9708070,39.1140844||yes
206844180|44.9763877,39.1117017,44.9764498,39.1118252||yes
206844182|44.9708299,39.1134924,44.9709579,39.1136104||yes
206844183|44.9769520,39.1117337,44.9770219,39.1119707||yes
206844184|44.9742800,39.1122688,44.9744057,39.1124664||commercial
206844185|44.9666525,39.1156932,44.9667411,39.1158748||roof
206844188|44.9745712,39.1119194,44.9746545,39.1121178||yes
206844189|44.9741736,39.1123087,44.9743152,39.1125352||commercial
206844191|44.9757007,39.1116583,44.9758295,39.1118544||commercial
206844192|44.9747542,39.1118056,44.9749270,39.1120117||commercial
206844194|44.9675640,39.1157811,44.9676052,39.1158350||yes
206844197|44.9743566,39.1120229,44.9744666,39.1121885||yes
206844198|44.9665961,39.1155471,44.9666880,39.1156625||yes
206844199|44.9725213,39.1128601,44.9726171,39.1130039||yes
206844961|44.9795769,39.1110828,44.9796433,39.1112487||yes
206844962|44.9788115,39.1118272,44.9788938,39.1120958||yes
206844963|44.9790246,39.1118526,44.9791104,39.1119285||yes
206844964|44.9779066,39.1112740,44.9780213,39.1115196||yes
206844965|44.9783077,39.1108611,44.9783856,39.1111102||yes
206844967|44.9773758,39.1116018,44.9775428,39.1120309||office
206844968|44.9796208,39.1113679,44.9796675,39.1114414||yes
206844969|44.9789076,39.1110055,44.9793856,39.1112524||yes
206844970|44.9777127,39.1115209,44.9778679,39.1118780||roof
206844972|44.9798608,39.1119313,44.9799163,39.1119866||yes
206844974|44.9790167,39.1119497,44.9790488,39.1121403||yes
206844975|44.9795796,39.1116810,44.9797448,39.1117774||yes
206844976|44.9793184,39.1116465,44.9794066,39.1117528||yes
206844977|44.9798643,39.1115980,44.9799138,39.1116858||yes
206844979|44.9785149,39.1110994,44.9787578,39.1112680||yes
206844981|44.9797976,39.1110845,44.9798835,39.1112365||yes
206844985|44.9798518,39.1120798,44.9799215,39.1122242||yes
207299455|44.9508486,39.1161866,44.9509480,39.1163301||yes
207299456|44.9484884,39.1122394,44.9485858,39.1123792||yes
207299457|44.9499920,39.1150166,44.9501374,39.1151822||yes
207299458|44.9482621,39.1120016,44.9483740,39.1121519||yes
207299459|44.9487060,39.1102467,44.9487587,39.1103194||yes
207299460|44.9494334,39.1123281,44.9495325,39.1124697||yes
207299461|44.9505403,39.1122387,44.9506569,39.1124252||yes
207299462|44.9498950,39.1131319,44.9500519,39.1133263||yes
207299463|44.9503382,39.1172511,44.9504542,39.1174144||yes
207299464|44.9487644,39.1101258,44.9488720,39.1103007||yes
207299465|44.9498718,39.1144495,44.9499623,39.1146047||yes
207299466|44.9485373,39.1100890,44.9486968,39.1102633||yes
207299467|44.9496993,39.1172073,44.9497863,39.1172960||yes
207299468|44.9481438,39.1138822,44.9482628,39.1140492||yes
207299469|44.9504152,39.1174431,44.9504953,39.1175547||yes
207299470|44.9504070,39.1128728,44.9505642,39.1131905||yes
207299471|44.9495502,39.1118246,44.9497414,39.1120986||yes
207299473|44.9502712,39.1173875,44.9503654,39.1175441||yes
207299475|44.9491941,39.1142291,44.9492898,39.1143823||yes
207299476|44.9498400,39.1139376,44.9499333,39.1140754||yes
207299477|44.9499291,39.1126366,44.9500537,39.1128146||yes
207299478|44.9504211,39.1124474,44.9504860,39.1125323||yes
207299479|44.9495614,39.1125039,44.9496285,39.1126129||yes
207299481|44.9491134,39.1173269,44.9491784,39.1174253||yes
207299482|44.9500809,39.1132816,44.9501395,39.1134737||yes
207299483|44.9500548,39.1130474,44.9501509,39.1131435||yes
207299484|44.9494823,39.1103256,44.9495480,39.1104365||yes
207299485|44.9495539,39.1156940,44.9496233,39.1158359||yes
207299486|44.9497492,39.1146452,44.9497914,39.1147357||yes
207299487|44.9503698,39.1161086,44.9504712,39.1162644||yes
207299488|44.9505743,39.1115746,44.9506985,39.1118010||yes
207299489|44.9503489,39.1162777,44.9504201,39.1163620||yes
207299490|44.9503609,39.1140027,44.9504600,39.1141150||yes
207299491|44.9489105,39.1114840,44.9489712,39.1115832||yes
207299492|44.9502974,39.1158453,44.9504012,39.1159988||yes
207299493|44.9503340,39.1134591,44.9504235,39.1135387||yes
207299494|44.9485315,39.1146008,44.9486353,39.1147507||yes
207299495|44.9498456,39.1143173,44.9499356,39.1144028||yes
207299496|44.9496787,39.1150572,44.9497387,39.1151655||yes
207299497|44.9483541,39.1120209,44.9484981,39.1122388||yes
207299499|44.9487519,39.1121136,44.9488177,39.1122537||yes
207299500|44.9482977,39.1138095,44.9484305,39.1139987||yes
207299501|44.9505272,39.1169924,44.9506272,39.1171404||yes
207299502|44.9505094,39.1171454,44.9506057,39.1172798||yes
207299503|44.9491273,39.1173417,44.9493571,39.1175532||yes
207299504|44.9498954,39.1148947,44.9500046,39.1150459||yes
207299505|44.9488455,39.1117645,44.9489829,39.1119459||yes
207299506|44.9510398,39.1153688,44.9511122,39.1154933||yes
207299507|44.9500723,39.1128815,44.9501429,39.1130044||yes
207299508|44.9504120,39.1133550,44.9504681,39.1134032||yes
207299509|44.9504385,39.1163199,44.9505333,39.1164699||yes
207299510|44.9498354,39.1170254,44.9498905,39.1171228||yes
207299511|44.9488884,39.1121700,44.9490144,39.1123138||yes
207299512|44.9500813,39.1151755,44.9501608,39.1152747||yes
207299513|44.9499150,39.1140919,44.9499957,39.1142187||yes
207299514|44.9503210,39.1112061,44.9504382,39.1114775||yes
207299515|44.9489161,39.1101547,44.9489635,39.1102325||yes
207299516|44.9497461,39.1105362,44.9498082,39.1106400||yes
207299517|44.9507536,39.1162322,44.9508420,39.1163782||yes
207299518|44.9497924,39.1149260,44.9498489,39.1150631||yes
207299519|44.9502099,39.1145582,44.9504122,39.1146851||yes
207299520|44.9485947,39.1121374,44.9487064,39.1123496||yes
207299521|44.9496798,39.1151751,44.9497898,39.1152946||yes
207299522|44.9504606,39.1131871,44.9505628,39.1133349||yes
207299523|44.9498167,39.1105618,44.9499571,39.1107882||yes
207299524|44.9503628,39.1140712,44.9504359,39.1142012||yes
207299525|44.9494280,39.1105032,44.9495353,39.1106529||yes
207299526|44.9502936,39.1144074,44.9503992,39.1145367||yes
207299527|44.9496933,39.1176100,44.9498205,39.1177936||yes
207299528|44.9502519,39.1111399,44.9503479,39.1112751||yes
207300360|44.9491376,39.1094071,44.9492330,39.1095217||yes
207300361|44.9499322,39.1091142,44.9499968,39.1091891||yes
207300362|44.9503175,39.1086416,44.9503985,39.1087834||yes
207300363|44.9503623,39.1096236,44.9505132,39.1097175||yes
207300364|44.9503153,39.1085363,44.9503769,39.1085955||yes
207300365|44.9503226,39.1097324,44.9504347,39.1099082||yes
207300366|44.9485299,39.1092327,44.9485846,39.1093403||yes
207300367|44.9502087,39.1082285,44.9503016,39.1083466||yes
207300368|44.9502838,39.1082478,44.9504100,39.1084680||yes
207300369|44.9507324,39.1096871,44.9508090,39.1097746||yes
207300370|44.9489729,39.1090351,44.9490310,39.1091916||yes
207300371|44.9509390,39.1098348,44.9510284,39.1099654||yes
207300372|44.9505746,39.1097904,44.9506376,39.1099316||yes
207300373|44.9498003,39.1090374,44.9499397,39.1091781||yes
207300374|44.9488475,39.1091819,44.9489163,39.1093284||yes
207300375|44.9507835,39.1098093,44.9508698,39.1099126||yes
207300376|44.9492665,39.1094570,44.9493175,39.1095540||yes
207300377|44.9496112,39.1094765,44.9497821,39.1096682||yes
207301375|44.9511245,39.1166466,44.9512778,39.1168791||yes
207301376|44.9512782,39.1164060,44.9513549,39.1165387||yes
207309550|44.9544671,39.1128923,44.9546472,39.1131472||yes
207309553|44.9538289,39.1129348,44.9539121,39.1130501||yes
207309554|44.9543356,39.1129185,44.9543928,39.1130063||yes
207309556|44.9553821,39.1139279,44.9555269,39.1141334||yes
207309560|44.9524233,39.1095526,44.9524469,39.1096261||yes
207309562|44.9522274,39.1101552,44.9523025,39.1103012||yes
207309563|44.9536962,39.1115011,44.9538103,39.1117097||yes
207309564|44.9517607,39.1097347,44.9518202,39.1098973||yes
207309566|44.9538116,39.1109327,44.9538942,39.1110681||yes
207309567|44.9535673,39.1112988,44.9536397,39.1113640||yes
207309568|44.9537273,39.1127616,44.9538351,39.1128371||yes
207309569|44.9538200,39.1111856,44.9538746,39.1112579||yes
207309570|44.9536213,39.1118952,44.9536957,39.1120136||yes
207309571|44.9552944,39.1137960,44.9553766,39.1139180||yes
207309572|44.9540854,39.1134036,44.9541938,39.1135694||yes
207309573|44.9517636,39.1096278,44.9517969,39.1097171||yes
207309574|44.9516536,39.1096527,44.9517489,39.1097380||yes
207309575|44.9538348,39.1114623,44.9539216,39.1115261||yes
207309577|44.9520206,39.1104993,44.9522636,39.1107729||yes
207309578|44.9526517,39.1096676,44.9527132,39.1097836||yes
207309579|44.9522909,39.1099637,44.9523555,39.1100600||yes
207309581|44.9552075,39.1136678,44.9553222,39.1138248||yes
207309582|44.9532210,39.1106284,44.9533078,39.1107578||yes
207309583|44.9535385,39.1114944,44.9536618,39.1115532||yes
207309584|44.9525981,39.1096632,44.9526447,39.1097958||yes
207309585|44.9548631,39.1128516,44.9549791,39.1130148||yes
207309586|44.9524752,39.1095301,44.9525604,39.1097399||yes
207309587|44.9537473,39.1113029,44.9538143,39.1114215||yes
207309589|44.9535959,39.1135823,44.9536861,39.1136492||yes
207309590|44.9518744,39.1095827,44.9519576,39.1097023||yes
207309591|44.9536269,39.1110078,44.9537007,39.1110871||yes
207309593|44.9515347,39.1100996,44.9515888,39.1102726||yes
207309594|44.9515899,39.1101011,44.9516269,39.1102523||yes
207309595|44.9536912,39.1133890,44.9537863,39.1135116||yes
207309596|44.9541494,39.1135134,44.9542697,39.1136608||yes
207309598|44.9538204,39.1132729,44.9538745,39.1133572||yes
207309600|44.9536376,39.1108070,44.9538016,39.1109489||yes
207309601|44.9514650,39.1102940,44.9515506,39.1104132||yes
207309602|44.9522069,39.1099831,44.9522899,39.1100804||yes
207309603|44.9537377,39.1121381,44.9538194,39.1122584||yes
207309604|44.9538179,39.1141234,44.9540000,39.1144031||yes
207309605|44.9523042,39.1100792,44.9523979,39.1101613||yes
207309606|44.9526441,39.1099610,44.9527318,39.1100946||yes
207309607|44.9536534,39.1120090,44.9537784,39.1121460||yes
207309609|44.9532123,39.1088484,44.9533004,39.1089755||yes
207310260|44.9531313,39.1070663,44.9532435,39.1072264||yes
207310261|44.9510072,39.1105741,44.9510991,39.1107125||yes
207310262|44.9517886,39.1085076,44.9519000,39.1086689||yes
207310263|44.9516286,39.1084831,44.9517159,39.1085905||yes
207310264|44.9529128,39.1074498,44.9530438,39.1076268||yes
207310265|44.9524707,39.1074890,44.9525660,39.1076359||yes
207310266|44.9525131,39.1073063,44.9525949,39.1074536||yes
207310267|44.9533614,39.1067110,44.9534322,39.1068363||yes
207310268|44.9528545,39.1075416,44.9530031,39.1077689||yes
207310269|44.9533239,39.1068709,44.9533560,39.1069591||yes
207310270|44.9522472,39.1085456,44.9523671,39.1087140||yes
207310271|44.9532408,39.1068728,44.9533191,39.1069876||yes
207310272|44.9524942,39.1080454,44.9526346,39.1082411||yes
207310273|44.9513172,39.1103215,44.9514108,39.1103872||yes
207310274|44.9523879,39.1074167,44.9524711,39.1075106||yes
207310275|44.9527979,39.1076694,44.9529652,39.1078943||yes
207310276|44.9532673,39.1066644,44.9533460,39.1067329||yes
207310277|44.9532600,39.1065134,44.9533517,39.1065905||yes
207310278|44.9514283,39.1091159,44.9515208,39.1092641||yes
207310279|44.9525243,39.1082432,44.9526080,39.1083576||yes
207310280|44.9529474,39.1062277,44.9530663,39.1065017||yes
207310281|44.9528258,39.1069001,44.9529731,39.1071100||yes
207310282|44.9531265,39.1062367,44.9531732,39.1063285||yes
207310283|44.9514070,39.1101596,44.9514929,39.1102472||yes
207310284|44.9524817,39.1082961,44.9525498,39.1083977||yes
207310285|44.9514835,39.1090728,44.9515632,39.1092118||yes
207310286|44.9512104,39.1096564,44.9513269,39.1098216||yes
207310287|44.9526260,39.1078757,44.9527422,39.1080355||yes
207312102|44.9521107,39.1129143,44.9521795,39.1130309||yes
207312103|44.9521648,39.1108836,44.9522260,39.1109327||yes
207312104|44.9523337,39.1138459,44.9524031,39.1139569||yes
207312105|44.9515895,39.1123982,44.9516929,39.1125499||yes
207312106|44.9522152,39.1181123,44.9523090,39.1182560||yes
207312107|44.9518654,39.1177970,44.9519883,39.1179744||yes
207312108|44.9526872,39.1130400,44.9528069,39.1132191||yes
207312109|44.9535054,39.1142126,44.9535856,39.1142935||yes
207312110|44.9524546,39.1118860,44.9525544,39.1120320||yes
207312111|44.9520520,39.1123379,44.9521022,39.1124467||yes
207312112|44.9525572,39.1141039,44.9526608,39.1142551||yes
207312113|44.9519096,39.1163372,44.9519848,39.1164422||yes
207312114|44.9532922,39.1138404,44.9533335,39.1139054||yes
207312115|44.9514972,39.1150444,44.9515734,39.1151994||yes
207312116|44.9529533,39.1119547,44.9530334,39.1120555||yes
207312117|44.9514910,39.1136094,44.9516033,39.1137780||yes
207312118|44.9525499,39.1111868,44.9526472,39.1113295||yes
207312119|44.9521820,39.1131186,44.9522332,39.1131936||yes
207312120|44.9518654,39.1153772,44.9519913,39.1155211||yes
207312121|44.9530968,39.1172884,44.9531564,39.1174453||yes
207312122|44.9528841,39.1133656,44.9529538,39.1134760||yes
207312123|44.9526184,39.1144509,44.9527182,39.1146129||yes
207312124|44.9528856,39.1137220,44.9529490,39.1138037||yes
207312125|44.9520301,39.1178750,44.9521086,39.1179810||yes
207312126|44.9521188,39.1112994,44.9521939,39.1114186||yes
207312127|44.9520916,39.1160731,44.9521894,39.1162729||yes
207312128|44.9527617,39.1133264,44.9528479,39.1134299||yes
207312129|44.9515459,39.1154665,44.9516860,39.1157243||yes
207312130|44.9528716,39.1117080,44.9529584,39.1119392||yes
207312131|44.9520191,39.1150712,44.9521506,39.1151961||yes
207312132|44.9528747,39.1141512,44.9529647,39.1142466||yes
207312133|44.9521828,39.1123800,44.9522732,39.1125469||yes
207312134|44.9520057,39.1154116,44.9521283,39.1155762||yes
207312135|44.9528622,39.1136311,44.9529351,39.1137368||yes
207312136|44.9515708,39.1127031,44.9516352,39.1127862||yes
207312137|44.9515122,39.1146060,44.9516012,39.1147856||yes
207312138|44.9522262,39.1127222,44.9523299,39.1128893||yes
207312139|44.9529085,39.1173780,44.9530763,39.1174946||yes
207312140|44.9530451,39.1134979,44.9531356,39.1136405||yes
207312141|44.9520813,39.1127289,44.9521742,39.1128414||yes
207312142|44.9529075,39.1139593,44.9530065,39.1141305||yes
207312143|44.9521610,39.1122417,44.9522465,39.1123321||yes
207312144|44.9534769,39.1140798,44.9535742,39.1142236||yes
207312145|44.9525251,39.1146666,44.9525697,39.1147668||yes
207312146|44.9524358,39.1138176,44.9525078,39.1140107||yes
207312147|44.9530383,39.1144826,44.9532046,39.1146476||yes
207312148|44.9520103,39.1111818,44.9520900,39.1112908||yes
207312149|44.9533934,39.1141106,44.9534932,39.1142643||yes
207312150|44.9525346,39.1140094,44.9526216,39.1140975||yes
207312151|44.9520421,39.1113009,44.9521097,39.1114195||yes
207312152|44.9519289,39.1161713,44.9520277,39.1163076||yes
207312153|44.9523711,39.1132767,44.9524683,39.1134581||yes
207312154|44.9516086,39.1119207,44.9516871,39.1120779||yes
207312155|44.9522613,39.1129197,44.9523961,39.1130565||yes
207312156|44.9513837,39.1136607,44.9514973,39.1138526||yes
207312157|44.9515198,39.1148067,44.9515850,39.1149077||yes
207312158|44.9526045,39.1145996,44.9527317,39.1147067||yes
207312159|44.9515184,39.1178008,44.9516666,39.1180066||yes
207312160|44.9524900,39.1144612,44.9525783,39.1146410||yes
207312448|44.9527538,39.1175717,44.9528111,39.1176459||yes
207312449|44.9499200,39.1200396,44.9500421,39.1203019||yes
207312450|44.9511843,39.1090624,44.9513018,39.1092069||yes
207312451|44.9503632,39.1171144,44.9504596,39.1172511||yes
215263848|44.9012805,39.1441296,44.9013479,39.1442367||yes
215263849|44.9038466,39.1506633,44.9038867,39.1507592||yes
215263850|44.9023787,39.1455420,44.9024428,39.1456447||yes
215263851|44.9024202,39.1478836,44.9024782,39.1479761||yes
215263852|44.9012569,39.1548728,44.9013859,39.1550645||yes
215263853|44.9045705,39.1512720,44.9046366,39.1513715||yes
215263854|44.9008057,39.1444952,44.9008901,39.1446170||yes
215263855|44.9047451,39.1513186,44.9047986,39.1514281||yes
215263856|44.9025021,39.1459953,44.9025775,39.1461060||yes
215263857|44.9013233,39.1440896,44.9014015,39.1442056||yes
215263858|44.9040110,39.1511205,44.9041037,39.1512095||yes
215263859|44.9046106,39.1515612,44.9046676,39.1516537||yes
215263860|44.9043859,39.1525042,44.9044474,39.1525636||yes
215263861|44.9004891,39.1444448,44.9005664,39.1445638||yes
215263862|44.9037584,39.1530326,44.9038348,39.1531485||yes
215263863|44.9026284,39.1505717,44.9026831,39.1506607||yes
215263864|44.9025801,39.1459550,44.9026483,39.1460542||yes
215263865|44.9008691,39.1444780,44.9009532,39.1446905||yes
215263866|44.9042891,39.1523864,44.9043444,39.1524772||yes
215263867|44.9044000,39.1519528,44.9044475,39.1520195||yes
215263868|44.9014206,39.1452676,44.9014930,39.1453770||yes
215263869|44.9046347,39.1517443,44.9047501,39.1518659||yes
215263870|44.9032844,39.1453258,44.9033374,39.1454010||yes
215263871|44.9037708,39.1525221,44.9038255,39.1526030||yes
215777404|44.9049351,39.1528067,44.9050297,39.1529037||yes
215777405|44.9064599,39.1514967,44.9065286,39.1515847||yes
215777408|44.9045652,39.1498399,44.9046371,39.1499259||yes
215777409|44.9049613,39.1527408,44.9050504,39.1528146||yes
215777411|44.9045416,39.1506903,44.9046197,39.1507973||yes
215777412|44.9070790,39.1510319,44.9071223,39.1511237||yes
215777414|44.9067388,39.1511304,44.9068111,39.1512832||yes
215777415|44.9051636,39.1511996,44.9052204,39.1513098||yes
215777417|44.9043802,39.1498051,44.9044562,39.1498935||yes
215777418|44.9047403,39.1495911,44.9048148,39.1496617||yes
215777420|44.9060905,39.1518101,44.9061358,39.1519202||yes
215777421|44.9054431,39.1544225,44.9054839,39.1544775||yes
215777423|44.9063298,39.1530192,44.9063677,39.1530810||yes
215777427|44.9049918,39.1513536,44.9050456,39.1514186||yes
215777429|44.9058144,39.1535084,44.9059019,39.1536451||yes
215777432|44.9048671,39.1532610,44.9049694,39.1533632||yes
215777435|44.9039644,39.1489723,44.9040350,39.1490968||yes
215777437|44.9062355,39.1535724,44.9062882,39.1536400||yes
215777441|44.9063989,39.1536625,44.9064694,39.1537951||yes
215777443|44.9043387,39.1541126,44.9044097,39.1542189||yes
215777445|44.9048111,39.1538363,44.9048992,39.1540112||yes
215777448|44.9041588,39.1508919,44.9041972,39.1509610||yes
215777450|44.9058494,39.1519036,44.9059000,39.1519554||yes
215777453|44.9042054,39.1497427,44.9042880,39.1498245||yes
215777455|44.9049838,39.1516207,44.9050168,39.1516652||yes
215777457|44.9050076,39.1511801,44.9050595,39.1512673||yes
215777461|44.9060653,39.1509390,44.9060997,39.1510392||yes
215777462|44.9060511,39.1510467,44.9060824,39.1511258||yes
215777464|44.9051395,39.1514230,44.9051996,39.1515123||yes
215777465|44.9063177,39.1510272,44.9064089,39.1512082||yes
215777466|44.9047564,39.1498861,44.9048112,39.1500112||yes
215777468|44.9060760,39.1516538,44.9061458,39.1517739||yes
215777470|44.9042290,39.1509548,44.9043114,39.1510824||yes
215777471|44.9041217,39.1490319,44.9042051,39.1491849||yes
215777473|44.9066752,39.1535012,44.9067294,39.1535642||yes
215777475|44.9040848,39.1494936,44.9041447,39.1495939||yes
215777476|44.9054958,39.1520424,44.9055421,39.1521072||yes
215777478|44.9069398,39.1511997,44.9069774,39.1512674||yes
215777479|44.9057167,39.1515586,44.9057900,39.1517072||yes
215777481|44.9065046,39.1539533,44.9066019,39.1540602||yes
215777482|44.9048478,39.1506256,44.9049050,39.1507299||yes
215777483|44.9064703,39.1510564,44.9065754,39.1512618||yes
215777485|44.9046378,39.1505772,44.9047249,39.1506619||yes
215777487|44.9052149,39.1535767,44.9053017,39.1537385||yes
215777488|44.9047679,39.1496773,44.9048305,39.1497805||yes
215777489|44.9066979,39.1515643,44.9067778,39.1516901||yes
215777490|44.9048682,39.1520599,44.9049385,39.1521739||yes
215777491|44.9044220,39.1503252,44.9044725,39.1504197||yes
215777492|44.9060894,39.1512855,44.9061583,39.1514805||yes
215777493|44.9056688,39.1517671,44.9057582,39.1518637||yes
215777494|44.9057979,39.1508766,44.9058763,39.1509776||yes
215777495|44.9061626,39.1509819,44.9062239,39.1510910||yes
215777497|44.9057851,39.1520514,44.9058625,39.1522129||yes
215777498|44.9072414,39.1522544,44.9073242,39.1523810||yes
215777500|44.9054617,39.1510771,44.9055039,39.1511245||yes
215777501|44.9065341,39.1513171,44.9065771,39.1513852||yes
215777502|44.9052708,39.1543210,44.9053258,39.1544175||yes
215777503|44.9042966,39.1490764,44.9043598,39.1491963||yes
215777504|44.9059016,39.1528381,44.9059833,39.1529587||yes
215777505|44.9064614,39.1530174,44.9065473,39.1530987||yes
215777506|44.9048727,39.1518423,44.9049575,39.1519464||yes
215777507|44.9062047,39.1536461,44.9062770,39.1537362||yes
215777508|44.9067966,39.1518770,44.9068376,39.1519639||yes
215777510|44.9056293,39.1539744,44.9056699,39.1540430||yes
215777511|44.9056299,39.1508384,44.9056945,39.1509752||yes
215777512|44.9042477,39.1504457,44.9042974,39.1505311||yes
215777515|44.9056083,39.1544164,44.9056942,39.1545365||yes
215777516|44.9049365,39.1520624,44.9049776,39.1521892||yes
215777517|44.9048472,39.1495230,44.9048729,39.1495805||yes
215777519|44.9065574,39.1512370,44.9066252,39.1513141||yes
215777520|44.9062896,39.1538513,44.9064245,39.1540315||yes
215777522|44.9059018,39.1533088,44.9059483,39.1533611||yes
215777524|44.9046589,39.1506821,44.9047121,39.1508121||yes
215777525|44.9070075,39.1522774,44.9071459,39.1524645||yes
215777527|44.9053625,39.1514757,44.9054313,39.1515824||yes
215777528|44.9046518,39.1491581,44.9047309,39.1492690||yes
215777529|44.9060976,39.1509533,44.9061577,39.1510911||yes
215777530|44.9046912,39.1489761,44.9047487,39.1490735||yes
215777532|44.9052871,39.1521566,44.9053421,39.1522427||yes
215777533|44.9054344,39.1541103,44.9054898,39.1542358||yes
215777534|44.9051295,39.1485865,44.9051881,39.1486942||yes
215777535|44.9051429,39.1483602,44.9051962,39.1484633||yes
215777538|44.9053734,39.1540992,44.9054292,39.1542205||yes
215777539|44.9061625,39.1521822,44.9062350,39.1522916||yes
215777541|44.9052364,39.1538341,44.9053118,39.1538882||yes
215777543|44.9052928,39.1512417,44.9053761,39.1513442||yes
215777544|44.9045138,39.1503098,44.9045742,39.1504305||yes
215777546|44.9069756,39.1511736,44.9070708,39.1513046||yes
215777547|44.9043988,39.1495768,44.9044941,39.1496969||yes
215777548|44.9048650,39.1490244,44.9049260,39.1491151||yes
215777550|44.9063775,39.1524646,44.9064337,39.1525756||yes
215777551|44.9051728,39.1540585,44.9052518,39.1541803||yes
215777553|44.9058823,39.1530194,44.9059556,39.1531542||yes
215777554|44.9045013,39.1505488,44.9045498,39.1506465||yes
215777555|44.9045613,39.1505313,44.9046259,39.1506869||yes
215777556|44.9056760,39.1530033,44.9057740,39.1531346||yes
215777557|44.9060800,39.1520776,44.9061152,39.1521325||yes
215777558|44.9059147,39.1514115,44.9059691,39.1515144||yes
215777559|44.9062181,39.1511350,44.9062726,39.1512350||yes
215777560|44.9053655,39.1539461,44.9054566,39.1540508||yes
215777562|44.9062313,39.1512460,44.9063011,39.1513297||yes
215778367|44.9047773,39.1482698,44.9048502,39.1483801||yes
215778368|44.9045798,39.1484374,44.9046346,39.1485400||yes
215778369|44.9050589,39.1475579,44.9051355,39.1476558||yes
215778370|44.9045312,39.1474770,44.9045982,39.1475836||yes
215778371|44.9043332,39.1488636,44.9043928,39.1489766||yes
215778372|44.9041628,39.1488098,44.9042339,39.1489335||yes
215778373|44.9051123,39.1478425,44.9051492,39.1479299||yes
215778374|44.9045766,39.1481608,44.9046719,39.1483305||yes
215778375|44.9044948,39.1476882,44.9045424,39.1477874||yes
215778376|44.9045104,39.1478269,44.9045587,39.1478927||yes
215778377|44.9050960,39.1474123,44.9051667,39.1475070||yes
215778378|44.9044495,39.1481855,44.9045046,39.1482713||yes
215778379|44.9048834,39.1475873,44.9049486,39.1476937||yes
215780029|44.9052427,39.1505318,44.9053154,39.1506073||yes
215780031|44.9061047,39.1508190,44.9061795,39.1508793||yes
215780032|44.9076115,39.1529218,44.9076600,39.1530006||yes
215780033|44.9058276,39.1506785,44.9059026,39.1507872||yes
215780035|44.9073459,39.1533070,44.9074225,39.1534267||yes
215780036|44.9087347,39.1524190,44.9087948,39.1525163||yes
215780037|44.9076467,39.1531030,44.9077340,39.1532343||yes
215780038|44.9064236,39.1506625,44.9064869,39.1508252||yes
215780040|44.9074935,39.1532274,44.9075543,39.1533210||yes
215780041|44.9063779,39.1508366,44.9064041,39.1508892||yes
215780042|44.9054327,39.1502346,44.9054860,39.1503470||yes
215780044|44.9078539,39.1517959,44.9079081,39.1518878||yes
215780045|44.9088029,39.1523607,44.9088802,39.1524705||yes
215780046|44.9076513,39.1523194,44.9077124,39.1524392||yes
215780048|44.9064054,39.1508376,44.9064546,39.1509317||yes
215780049|44.9073320,39.1544508,44.9074087,39.1545594||yes
215780050|44.9097561,39.1512243,44.9098397,39.1513286||yes
215780051|44.9090848,39.1515050,44.9091520,39.1515878||yes
215780053|44.9077911,39.1520197,44.9078770,39.1521370||yes
215780054|44.9059114,39.1505279,44.9059581,39.1506148||yes
215780055|44.9075046,39.1533067,44.9076092,39.1534712||yes
215780056|44.9053236,39.1500468,44.9053958,39.1501540||yes
215780058|44.9079852,39.1519424,44.9080744,39.1520524||yes
215780059|44.9074148,39.1543776,44.9075031,39.1544941||yes
215780060|44.9061339,39.1507715,44.9061955,39.1508399||yes
215780061|44.9072418,39.1534242,44.9072834,39.1534883||yes
215784553|44.9019434,39.1487210,44.9020210,39.1488311||yes
215784563|44.9006660,39.1531196,44.9007053,39.1531713||yes
215784565|44.9007997,39.1503111,44.9008967,39.1504485||yes
215784572|44.9038078,39.1571031,44.9039596,39.1573194||yes
215784576|44.9006619,39.1567431,44.9006924,39.1567856||yes
215784584|44.9044144,39.1536634,44.9044635,39.1537322||yes
215784588|44.9039949,39.1568058,44.9041859,39.1571178||yes
215784595|44.9009113,39.1565143,44.9009484,39.1565732||yes
215784598|44.9020525,39.1482684,44.9021538,39.1484239||yes
215786477|44.9105763,39.1406861,44.9106450,39.1407709||yes
215786478|44.9038844,39.1465008,44.9039739,39.1466250||yes
215786479|44.9093716,39.1405621,44.9094343,39.1406423||yes
215786481|44.9015850,39.1497873,44.9016338,39.1498778||yes
215786482|44.9099038,39.1408022,44.9099749,39.1409164||yes
215786483|44.9106095,39.1411143,44.9106626,39.1411972||yes
215786485|44.9088988,39.1390241,44.9089531,39.1391054||yes
215786486|44.9013151,39.1471491,44.9014159,39.1473195||yes
215786487|44.9106492,39.1406189,44.9107058,39.1406861||yes
215786489|44.9099091,39.1409326,44.9100039,39.1410800||yes
215786490|44.9096479,39.1387334,44.9097194,39.1388195||yes
215786491|44.9090822,39.1396870,44.9091349,39.1397682||yes
215787629|44.9089740,39.1409330,44.9090185,39.1410146||yes
215787631|44.9089652,39.1411313,44.9090113,39.1412017||yes
215787632|44.9083468,39.1395414,44.9083938,39.1396306||yes
215787633|44.9078049,39.1407834,44.9078465,39.1408856||yes
215787635|44.9078341,39.1405498,44.9078879,39.1406684||yes
215787637|44.9082331,39.1413966,44.9083207,39.1414815||yes
215787639|44.9078654,39.1415211,44.9079381,39.1416276||yes
215787640|44.9084622,39.1400797,44.9085101,39.1401661||yes
215787642|44.9084473,39.1402593,44.9084894,39.1403259||yes
215787643|44.9089449,39.1404436,44.9090000,39.1405402||yes
215787645|44.9085503,39.1390945,44.9086064,39.1391545||yes
215787647|44.9083733,39.1393263,44.9084428,39.1394318||yes
215787648|44.9086155,39.1408454,44.9086585,39.1409134||yes
215787649|44.9082284,39.1399928,44.9083263,39.1401108||yes
215787652|44.9084889,39.1409920,44.9085582,39.1411034||yes
215787775|44.9080428,39.1415665,44.9081122,39.1416428||yes
215791696|44.9088630,39.1451021,44.9089354,39.1452250||yes
215791697|44.9076514,39.1433633,44.9077025,39.1434565||yes
215791699|44.9085939,39.1429109,44.9086679,39.1430293||yes
215791700|44.9089208,39.1417862,44.9090066,39.1419373||yes
215791701|44.9076809,39.1428778,44.9077491,39.1429987||yes
215791702|44.9078432,39.1438507,44.9078966,39.1439416||yes
215791703|44.9083264,39.1437727,44.9083817,39.1438755||yes
215791705|44.9074267,39.1421148,44.9074892,39.1422197||yes
215791706|44.9084321,39.1420227,44.9084810,39.1420985||yes
215791707|44.9091435,39.1443957,44.9092273,39.1445349||yes
215791708|44.9074654,39.1432170,44.9075315,39.1432818||yes
215791709|44.9092878,39.1418696,44.9093846,39.1420345||yes
215791710|44.9074675,39.1433063,44.9075152,39.1433543||yes
215791712|44.9072955,39.1432410,44.9073648,39.1433727||yes
215791713|44.9080222,39.1429570,44.9081163,39.1430816||yes
215791714|44.9075685,39.1419244,44.9076298,39.1420217||yes
215791715|44.9077264,39.1426454,44.9077831,39.1427773||yes
215791716|44.9075138,39.1428412,44.9075942,39.1429396||yes
215791717|44.9073634,39.1427759,44.9074175,39.1428793||yes
215791718|44.9082671,39.1431336,44.9083204,39.1432582||yes
215791720|44.9083691,39.1420075,44.9084090,39.1420987||yes
215791721|44.9078466,39.1441271,44.9079044,39.1442439||yes
215791722|44.9079024,39.1441779,44.9079414,39.1442596||yes
215791724|44.9079054,39.1427259,44.9079654,39.1428208||yes
215791725|44.9081480,39.1422995,44.9082139,39.1424048||yes
215791726|44.9073997,39.1433403,44.9074381,39.1434052||yes
215793206|44.9091649,39.1454016,44.9092219,39.1455221||yes
215793207|44.9096838,39.1458338,44.9097467,39.1459233||yes
215793208|44.9089671,39.1449166,44.9090058,39.1449504||yes
215793210|44.9092542,39.1454220,44.9093128,39.1455161||yes
215793211|44.9092564,39.1456411,44.9093063,39.1457316||yes
215793212|44.9101001,39.1461706,44.9101564,39.1462695||yes
215793213|44.9098698,39.1461196,44.9099490,39.1462196||yes
215793215|44.9096760,39.1460393,44.9097803,39.1461377||yes
215798045|44.9072848,39.1449420,44.9073714,39.1450946||yes
215798049|44.9101732,39.1462224,44.9102158,39.1462684||yes
215798053|44.9106959,39.1443883,44.9107598,39.1445074||yes
215798056|44.9096542,39.1467024,44.9097624,39.1468734||yes
215798058|44.9119847,39.1468254,44.9120609,39.1469323||yes
215798061|44.9098333,39.1441430,44.9098919,39.1442129||yes
215798062|44.9099931,39.1439783,44.9100779,39.1440838||yes
215798063|44.9102249,39.1449768,44.9102792,39.1450730||yes
215798066|44.9108006,39.1444153,44.9108574,39.1444924||yes
215798068|44.9100753,39.1435083,44.9101373,39.1436020||yes
215798069|44.9098613,39.1463184,44.9099106,39.1464902||yes
215798070|44.9119248,39.1475114,44.9119852,39.1476433||yes
215798071|44.9102809,39.1461975,44.9103169,39.1462631||yes
215798073|44.9103284,39.1457019,44.9103815,39.1457957||yes
215798074|44.9107215,39.1457987,44.9107700,39.1458777||yes
215798075|44.9066225,39.1458575,44.9066862,39.1459418||yes
215798077|44.9120827,39.1473278,44.9121392,39.1474303||yes
215798078|44.9105853,39.1450741,44.9106663,39.1451958||yes
215798079|44.9094554,39.1440557,44.9095311,39.1441819||yes
215798080|44.9070326,39.1448705,44.9070991,39.1449769||yes
215798082|44.9121151,39.1478214,44.9121827,39.1478948||yes
215798085|44.9102419,39.1451439,44.9103112,39.1452097||yes
215798088|44.9102801,39.1435526,44.9103355,39.1436325||yes
215798094|44.9097563,39.1448334,44.9097983,39.1448976||yes
215798098|44.9102166,39.1447674,44.9102509,39.1448369||yes
215798100|44.9112495,39.1468652,44.9112872,39.1469218||yes
215798102|44.9069739,39.1440911,44.9070268,39.1441746||yes
215798103|44.9098322,39.1439460,44.9098973,39.1440446||yes
215798106|44.9071109,39.1446444,44.9071826,39.1447494||yes
215798109|44.9105162,39.1457530,44.9105782,39.1458556||yes
215798111|44.9098828,39.1464275,44.9099429,39.1465775||yes
215798114|44.9101935,39.1440220,44.9102416,39.1441338||yes
215798117|44.9119259,39.1477744,44.9119550,39.1478406||yes
215798119|44.9092221,39.1465717,44.9093138,39.1467077||yes
215798122|44.9108747,39.1458473,44.9109328,39.1459358||yes
215798125|44.9069084,39.1447901,44.9069711,39.1448866||yes
215798128|44.9108981,39.1453884,44.9109781,39.1454739||yes
215798130|44.9099695,39.1441903,44.9100466,39.1443148||yes
215798131|44.9072396,39.1448686,44.9072821,39.1449709||yes
215798138|44.9096827,39.1451111,44.9097390,39.1451844||yes
215798140|44.9101259,39.1451506,44.9101587,39.1452222||yes
215798142|44.9103730,39.1455142,44.9104281,39.1456229||yes
215798145|44.9117511,39.1467690,44.9118188,39.1468507||yes
215798147|44.9112820,39.1466770,44.9113731,39.1467858||yes
215798149|44.9112597,39.1463787,44.9112989,39.1464977||yes
215798152|44.9092437,39.1464993,44.9093144,39.1465793||yes
215798154|44.9107467,39.1467991,44.9107968,39.1468597||yes
215798156|44.9104668,39.1448212,44.9105078,39.1449126||yes
215798158|44.9073706,39.1439824,44.9074176,39.1440824||yes
215798159|44.9099996,39.1454180,44.9100454,39.1455168||yes
215798162|44.9100650,39.1449277,44.9101132,39.1450258||yes
215798164|44.9119236,39.1468130,44.9119685,39.1469106||yes
215798166|44.9113937,39.1467019,44.9114242,39.1467687||yes
215798169|44.9069957,39.1438959,44.9070877,39.1439966||yes
215798171|44.9101398,39.1468630,44.9102238,39.1469482||yes
215798173|44.9112565,39.1466109,44.9112865,39.1466396||yes
215798174|44.9104688,39.1455262,44.9105138,39.1456210||yes
215798176|44.9111013,39.1471232,44.9111541,39.1472256||yes
215798178|44.9068053,39.1457978,44.9068606,39.1458619||yes
215798180|44.9068391,39.1451184,44.9069177,39.1452354||yes
215798182|44.9098723,39.1446873,44.9099131,39.1447521||yes
215798185|44.9104091,39.1464443,44.9104553,39.1465532||yes
215798187|44.9105404,39.1443456,44.9105998,39.1444537||yes
215798189|44.9096261,39.1452934,44.9096911,39.1454118||yes
215798190|44.9092388,39.1464320,44.9092913,39.1464998||yes
215798192|44.9120589,39.1475673,44.9121571,39.1476779||yes
215798194|44.9071859,39.1441568,44.9072449,39.1442575||yes
215802613|44.9090260,39.1469128,44.9090816,39.1469791||yes
215802615|44.9108007,39.1472930,44.9108449,39.1473740||yes
215802616|44.9074594,39.1495165,44.9075010,39.1495863||yes
215802618|44.9083789,39.1487496,44.9084652,39.1488396||yes
215802619|44.9103862,39.1478972,44.9104503,39.1479782||yes
215802620|44.9105351,39.1474681,44.9105954,39.1475373||yes
215802622|44.9082475,39.1489337,44.9083068,39.1490246||yes
215802623|44.9108088,39.1479458,44.9108567,39.1480847||yes
215802624|44.9089784,39.1486960,44.9090458,39.1488114||yes
215802627|44.9103656,39.1487884,44.9104333,39.1488644||yes
215802628|44.9113648,39.1488316,44.9114690,39.1489650||yes
215802629|44.9068579,39.1490256,44.9069296,39.1491521||yes
215802631|44.9103973,39.1466727,44.9104462,39.1467107||yes
215802632|44.9117485,39.1487511,44.9118356,39.1488426||yes
215802633|44.9090713,39.1486568,44.9091108,39.1487269||yes
215802635|44.9104764,39.1477134,44.9105090,39.1477767||yes
215802636|44.9092310,39.1482615,44.9092838,39.1483586||yes
215802637|44.9097056,39.1488607,44.9097887,39.1490035||yes
215802638|44.9109548,39.1479940,44.9110377,39.1481102||yes
215802639|44.9105846,39.1493479,44.9106564,39.1494639||yes
215802640|44.9090217,39.1490498,44.9090695,39.1491323||yes
215802641|44.9094806,39.1490435,44.9095519,39.1491481||yes
215802642|44.9091658,39.1475204,44.9092414,39.1476308||yes
215802643|44.9092408,39.1473247,44.9092708,39.1473921||yes
215802645|44.9083853,39.1501826,44.9084432,39.1502724||yes
215802646|44.9108642,39.1472858,44.9109373,39.1474148||yes
215802647|44.9076617,39.1485472,44.9077403,39.1486574||yes
215802649|44.9102084,39.1492495,44.9102584,39.1493896||yes
215802650|44.9078846,39.1502846,44.9079476,39.1503458||yes
215802651|44.9103189,39.1483049,44.9103587,39.1483789||yes
215802652|44.9102284,39.1475992,44.9103094,39.1477074||yes
215802653|44.9091978,39.1473503,44.9092317,39.1474258||yes
215802654|44.9111231,39.1496978,44.9111680,39.1497599||yes
215802656|44.9106397,39.1491346,44.9107031,39.1492516||yes
215802657|44.9104215,39.1478326,44.9104557,39.1478931||yes
215802658|44.9090095,39.1488921,44.9090496,39.1489991||yes
215802659|44.9119393,39.1480713,44.9119925,39.1481463||yes
215802660|44.9090527,39.1478575,44.9090916,39.1479165||yes
215802661|44.9097623,39.1484152,44.9098220,39.1485240||yes
215802663|44.9099747,39.1482261,44.9100387,39.1483422||yes
215802664|44.9076232,39.1490503,44.9076698,39.1491229||yes
215802665|44.9076970,39.1499851,44.9077662,39.1501073||yes
215802666|44.9089781,39.1472626,44.9090539,39.1473838||yes
215802667|44.9095858,39.1476709,44.9096343,39.1477472||yes
215802668|44.9113115,39.1488004,44.9113573,39.1489019||yes
215802669|44.9109780,39.1492119,44.9110496,39.1493334||yes
215802670|44.9083673,39.1488853,44.9084423,39.1489699||yes
215802671|44.9087709,39.1490597,44.9088250,39.1491280||yes
215802672|44.9101050,39.1484992,44.9101630,39.1486075||yes
215802673|44.9108919,39.1485061,44.9109600,39.1485906||yes
215802674|44.9097156,39.1500984,44.9097801,39.1501519||yes
215802675|44.9090257,39.1482347,44.9090894,39.1483619||yes
215802677|44.9071814,39.1489205,44.9072385,39.1490113||yes
215802678|44.9115047,39.1481668,44.9115580,39.1482632||yes
215802679|44.9103087,39.1471148,44.9103691,39.1472349||yes
215802680|44.9075006,39.1492418,44.9075369,39.1493220||yes
215802682|44.9081224,39.1501048,44.9081700,39.1501809||yes
215802683|44.9089694,39.1474679,44.9090355,39.1475674||yes
215802684|44.9090757,39.1480112,44.9091144,39.1481118||yes
215802685|44.9072639,39.1489371,44.9073283,39.1490327||yes
215802687|44.9100156,39.1491958,44.9100951,39.1493077||yes
215802688|44.9109636,39.1487093,44.9110218,39.1487770||yes
215802689|44.9094219,39.1488425,44.9094737,39.1489103||yes
215802690|44.9090695,39.1479294,44.9091967,39.1481169||yes
215802691|44.9078957,39.1500253,44.9079680,39.1501326||yes
215802692|44.9102943,39.1485897,44.9103578,39.1486930||yes
215802693|44.9109959,39.1494472,44.9110719,39.1495608||yes
215802694|44.9093145,39.1489918,44.9093737,39.1491069||yes
215802696|44.9074152,39.1491868,44.9074727,39.1492826||yes
215802697|44.9077826,39.1490687,44.9078450,39.1491889||yes
215802698|44.9085948,39.1490488,44.9086461,39.1491451||yes
215802699|44.9116846,39.1481978,44.9117469,39.1483055||yes
215802700|44.9089536,39.1469483,44.9090010,39.1470947||yes
215802701|44.9076056,39.1487090,44.9077287,39.1488594||yes
215802702|44.9091571,39.1487369,44.9092192,39.1488358||yes
215802704|44.9095781,39.1483355,44.9096397,39.1484362||yes
215802705|44.9115444,39.1479679,44.9116026,39.1480493||yes
215802706|44.9109573,39.1498308,44.9110414,39.1499421||yes
215802708|44.9100003,39.1489443,44.9100693,39.1490641||yes
215804133|44.9068221,39.1471523,44.9069048,39.1473116||yes
215804135|44.9067014,39.1467127,44.9067699,39.1467847||yes
215804137|44.9063744,39.1465673,44.9064219,39.1466718||yes
215804138|44.9084669,39.1466345,44.9085653,39.1468282||yes
215804143|44.9081387,39.1465637,44.9082010,39.1466633||yes
215804147|44.9083553,39.1465706,44.9084061,39.1466236||yes
215804150|44.9083723,39.1454728,44.9084184,39.1455617||yes
215804152|44.9084201,39.1457069,44.9084979,39.1458009||yes
215804153|44.9062187,39.1462433,44.9063515,39.1463588||yes
215804155|44.9084332,39.1467657,44.9084711,39.1468460||yes
215804156|44.9082160,39.1465390,44.9082871,39.1466665||yes
215804158|44.9066510,39.1472634,44.9067260,39.1474283||yes
215804159|44.9066382,39.1466224,44.9066962,39.1466908||yes
215804162|44.9089184,39.1462434,44.9089715,39.1463238||yes
215804163|44.9085264,39.1459264,44.9086252,39.1460442||yes
215804166|44.9063848,39.1460906,44.9064768,39.1461821||yes
215804169|44.9072059,39.1474939,44.9072982,39.1475918||yes
215804174|44.9085351,39.1463804,44.9085930,39.1465319||yes
215804176|44.9085787,39.1478898,44.9086449,39.1479867||yes
215804179|44.9063866,39.1463285,44.9064540,39.1463802||yes
215804181|44.9089055,39.1464675,44.9089579,39.1466162||yes
215804185|44.9086597,39.1473806,44.9087250,39.1474869||yes
215804187|44.9086023,39.1464801,44.9086766,39.1465680||yes
215804191|44.9086172,39.1457330,44.9086879,39.1458636||yes
215804192|44.9062571,39.1460704,44.9062954,39.1461208||yes
215804663|44.9075842,39.1478436,44.9076325,39.1479175||yes
215804665|44.9077571,39.1489158,44.9077911,39.1490045||yes
215804667|44.9071689,39.1482026,44.9072446,39.1483091||yes
215804670|44.9060273,39.1493325,44.9060739,39.1493996||yes
215804671|44.9077171,39.1483785,44.9077629,39.1484287||yes
215804672|44.9071786,39.1476943,44.9072457,39.1477603||yes
215804674|44.9059786,39.1498678,44.9060223,39.1499470||yes
215804677|44.9061343,39.1490797,44.9062192,39.1491587||yes
215804679|44.9064498,39.1494288,44.9065180,39.1495390||yes
215804680|44.9057926,39.1480300,44.9058474,39.1481389||yes
215804683|44.9070707,39.1480336,44.9071072,39.1480798||yes
215804685|44.9085549,39.1486392,44.9085923,39.1486986||yes
215804687|44.9080609,39.1479513,44.9081789,39.1480953||yes
215804689|44.9071367,39.1498278,44.9072081,39.1499200||yes
215804690|44.9075324,39.1483175,44.9075814,39.1484214||yes
215804692|44.9060670,39.1490196,44.9061178,39.1491041||yes
215804694|44.9058431,39.1478459,44.9058861,39.1479298||yes
215804696|44.9059561,39.1474023,44.9059841,39.1474578||yes
215804698|44.9057214,39.1495104,44.9057811,39.1495919||yes
215804700|44.9070818,39.1479284,44.9071281,39.1479969||yes
215804701|44.9079805,39.1479956,44.9080202,39.1480548||yes
216590870|44.9489880,39.1164759,44.9490697,39.1166098||yes
216590871|44.9488770,39.1165256,44.9489326,39.1165886||yes
216590872|44.9503346,39.1164207,44.9503946,39.1164967||yes
216590873|44.9488527,39.1161580,44.9489251,39.1162809||yes
216590874|44.9501166,39.1165414,44.9501696,39.1166114||yes
216590875|44.9486638,39.1159667,44.9487489,39.1160557||yes
216590876|44.9487146,39.1160569,44.9488348,39.1162565||yes
216591147|44.9569827,39.1183152,44.9570711,39.1184411||yes
219881734|44.9536033,39.1064818,44.9536601,39.1065328||yes
244071142|44.9460479,39.1040709,44.9462871,39.1042623||yes
244071143|44.9458132,39.1069176,44.9458841,39.1070841||yes
422654163|44.9799212,39.1044255,44.9800695,39.1046762||house
422654164|44.9799871,39.1052525,44.9802308,39.1055652||house
422654174|44.9799782,39.1061481,44.9800765,39.1062931||yes
426521449|44.9795226,39.1011293,44.9796629,39.1013772||office
460377236|44.9128692,39.1504369,44.9129915,39.1506041||yes
475590333|44.9001668,39.1639893,44.9006019,39.1646896||yes
475590334|44.8999008,39.1642795,44.9003321,39.1649733||yes
475590335|44.8996330,39.1645495,44.9000682,39.1652500||yes
478466848|44.9675486,39.1154661,44.9676674,39.1156204||yes
478466849|44.9602446,39.1188230,44.9603689,39.1190401||roof
478466853|44.9682831,39.1147179,44.9685690,39.1151496||yes
478466855|44.9616381,39.1179412,44.9619887,39.1183136||yes
478466856|44.9567698,39.1200258,44.9570147,39.1204008||yes
478466858|44.9506268,39.1217265,44.9507779,39.1219121||yes
478466859|44.9514913,39.1210010,44.9520408,39.1215924||yes
478466860|44.9532019,39.1131863,44.9533005,39.1133096||yes
478466861|44.9535208,39.1107562,44.9536204,39.1109443||yes
478466862|44.9542094,39.1075108,44.9543180,39.1076986||yes
478466863|44.9538112,39.1067191,44.9539608,39.1069475||yes
478466864|44.9537049,39.1072694,44.9538938,39.1076245||yes
478466865|44.9518029,39.1105122,44.9519149,39.1106361||yes
478466866|44.9518086,39.1103029,44.9519023,39.1103957||yes
478466867|44.9524711,39.1120682,44.9525698,39.1122663||yes
478466868|44.9519149,39.1135257,44.9519961,39.1136798||yes
478466869|44.9519016,39.1132891,44.9519792,39.1134465||yes
478466870|44.9502919,39.1078782,44.9504396,39.1080755||yes
478466871|44.9505672,39.1078031,44.9507692,39.1079927||yes
478466872|44.9458662,39.1068446,44.9459960,39.1070647||roof
478466875|44.9462252,39.1037018,44.9463513,39.1039605||office
478466876|44.9459827,39.1032485,44.9462987,39.1037999||yes
478466877|44.9468788,39.1056426,44.9475011,39.1067318||yes
478466878|44.9490542,39.1047548,44.9492823,39.1049922||yes
479905611|44.9798592,39.1007932,44.9802405,39.1010910||yes
479905612|44.9798293,39.0998384,44.9801460,39.1001388||yes
479905614|44.9797875,39.1009652,44.9798902,39.1011263||yes
479906589|44.9798190,39.1040790,44.9799583,39.1042729|1|house
479906591|44.9795174,39.1042050,44.9795757,39.1042989||yes
479906593|44.9797143,39.1052564,44.9797849,39.1053698||yes
479906594|44.9798336,39.1054093,44.9799405,39.1055969||yes
479906638|44.9797081,39.1019735,44.9799730,39.1026118||yes
479906641|44.9799907,39.1022255,44.9802619,39.1025739||yes
479906663|44.9796454,39.1009662,44.9797972,39.1011835||yes
479906672|44.9798243,39.1000086,44.9801982,39.1004454||yes
479906689|44.9795866,39.1002582,44.9798111,39.1006860||yes
479906698|44.9727367,39.1128317,44.9729087,39.1131125||roof
479906699|44.9747812,39.1119571,44.9750606,39.1122849||roof
479906738|44.9777387,39.1113840,44.9778679,39.1115379||commercial
479906739|44.9757379,39.1118353,44.9758330,39.1120248||roof
1013850780|44.9004005,39.1637277,44.9008356,39.1644280||yes
1013850785|44.9054578,39.1579201,44.9057748,39.1583192||yes
1013850787|44.9057057,39.1578998,44.9057870,39.1580395||yes
1013850789|44.9089135,39.1520297,44.9092491,39.1527128||yes
1013850797|44.9010219,39.1616346,44.9011815,39.1618992||yes
1013850806|44.9001918,39.1613602,44.9003369,39.1615800||yes
1050673521|44.9434627,39.1265845,44.9436569,39.1268793|1|retail
1078032299|44.9486306,39.1152389,44.9488563,39.1155070||yes
1078032300|44.9538776,39.1213387,44.9540950,39.1215632||yes
1078032301|44.9539664,39.1217035,44.9541717,39.1219047||yes
1078032302|44.9548597,39.1202143,44.9549552,39.1203591||yes
1078032303|44.9548963,39.1204986,44.9549723,39.1206032||yes
1078032304|44.9545473,39.1199112,44.9549420,39.1209199||yes
1078032305|44.9519834,39.1224588,44.9521128,39.1225894||yes
1078032306|44.9517673,39.1225827,44.9520055,39.1228844||yes
1078032307|44.9516477,39.1220103,44.9519374,39.1224647||yes
1078032308|44.9518684,39.1196664,44.9519030,39.1197094||yes
1078032309|44.9518541,39.1197442,44.9519078,39.1197824||yes
1078032310|44.9517920,39.1197627,44.9518527,39.1198820||yes
1078032311|44.9518760,39.1197844,44.9519190,39.1198602||yes
1078032312|44.9518598,39.1198562,44.9519237,39.1199541||yes
1078032313|44.9519232,39.1199313,44.9519882,39.1200884||yes
1078038119|44.9504784,39.1218503,44.9507460,39.1221873||yes
1078038120|44.9579722,39.1196088,44.9580599,39.1197892||yes
1078038121|44.9578374,39.1196327,44.9580092,39.1198529||yes
1078038122|44.9582600,39.1197932,44.9584021,39.1200132||yes
1078038123|44.9603309,39.1183850,44.9605828,39.1187702||yes
1078038124|44.9605477,39.1182508,44.9609512,39.1187648||yes
1078038125|44.9608723,39.1181998,44.9611323,39.1186105||yes
1078038126|44.9610652,39.1180820,44.9614720,39.1185218||yes
1078038127|44.9710222,39.1134940,44.9710897,39.1136289||yes
1078038128|44.9700961,39.1138790,44.9701722,39.1140056||yes
1078038129|44.9701209,39.1139981,44.9701894,39.1140716||yes
1078038130|44.9701313,39.1140090,44.9703316,39.1143183||yes
1078038131|44.9624688,39.1174301,44.9625116,39.1175146||yes
1078038132|44.9625092,39.1172114,44.9631298,39.1177675||yes
1078038133|44.9634201,39.1168615,44.9635387,39.1169755||yes
1078038134|44.9635606,39.1171228,44.9636508,39.1173846||yes
1078038135|44.9634895,39.1174079,44.9635728,39.1175269||yes
1078038136|44.9634392,39.1171391,44.9636109,39.1174342||yes
1078038137|44.9640924,39.1168767,44.9643206,39.1170922||yes
1078038138|44.9642480,39.1165316,44.9645360,39.1169296||yes
1078040689|44.9570755,39.1202492,44.9571361,39.1203635||yes
1078040690|44.9571159,39.1195587,44.9572253,39.1196510||yes
1078040691|44.9572352,39.1194686,44.9574521,39.1196081||yes
1078040692|44.9569738,39.1186024,44.9570713,39.1187216||yes
1078040693|44.9569901,39.1187927,44.9571010,39.1191588||yes
1078040694|44.9575174,39.1198857,44.9575814,39.1199863||yes
1078040695|44.9573067,39.1197133,44.9575006,39.1200440||yes
1078040696|44.9580772,39.1177922,44.9581553,39.1179326||yes
1078040697|44.9577819,39.1166107,44.9580671,39.1175551||yes
1078040698|44.9572215,39.1173108,44.9575290,39.1181616||yes
1078040699|44.9573891,39.1183476,44.9576343,39.1185795||yes
1078040700|44.9569530,39.1171220,44.9571361,39.1172330||yes
1078040701|44.9571622,39.1163959,44.9572932,39.1165398||yes
1078040702|44.9570555,39.1164143,44.9571756,39.1165639||yes
1078040703|44.9564627,39.1162795,44.9571228,39.1171588||yes
1078040704|44.9547562,39.1174221,44.9551563,39.1181174||yes
1078040705|44.9551102,39.1172836,44.9552172,39.1174355||yes
1078040706|44.9547837,39.1179022,44.9555672,39.1194525||yes
1078040707|44.9545870,39.1181872,44.9548186,39.1185131||yes
1078040708|44.9544074,39.1184252,44.9550893,39.1196832||yes
1078040709|44.9558870,39.1204213,44.9559877,39.1206100||yes
1078040710|44.9538676,39.1188678,44.9544579,39.1200007||yes
1078040711|44.9534731,39.1194559,44.9539868,39.1202403||yes
1078040712|44.9535771,39.1200285,44.9540038,39.1203058||yes
1078040713|44.9533090,39.1199132,44.9536009,39.1204269||yes
1078040714|44.9547200,39.1213891,44.9548432,39.1215540||yes
1144638725|44.9428174,39.1269855,44.9430587,39.1274373|1|yes
1286729982|44.9525437,39.1067294,44.9526727,39.1069066||yes
1286729983|44.9524620,39.1065487,44.9525940,39.1067292||yes
1286729984|44.9517992,39.1064204,44.9520096,39.1067325||yes
1286729985|44.9524200,39.1056282,44.9526676,39.1059562||yes
1286729986|44.9521685,39.1059112,44.9524161,39.1062392||yes
1286729987|44.9519455,39.1061687,44.9521930,39.1064967||yes
1286729988|44.9509296,39.1062020,44.9511741,39.1065289||yes
1417161722|44.9545965,39.1135118,44.9546990,39.1136559||yes
1417161723|44.9554146,39.1120335,44.9556006,39.1122928||yes
1429986109|44.9795003,39.1043535,44.9795653,39.1044810|1|house
1429986110|44.9796834,39.1034395,44.9797583,39.1035603|1|house
1429986111|44.9797276,39.1036189,44.9798025,39.1037398|1|house
1430785963|44.9792970,39.1001845,44.9795471,39.1004923||yes
1466168123|44.9063559,39.1760793,44.9064891,39.1762539||yes